7.324218750000000000e-03 1.928749847964885723e-22
2.197265624999999653e-02 1.928749847964885723e-22
3.662109375000000694e-02 1.928749847964885723e-22
5.126953125000000000e-02 1.928749847964885723e-22
6.591796875000000000e-02 1.928749847964885723e-22
8.056640625000001388e-02 1.928749847964885723e-22
9.521484374999998612e-02 1.928749847964885723e-22
1.098632812500000000e-01 1.928749847964885723e-22
1.245117187500000000e-01 1.928749847964885723e-22
1.391601562500000000e-01 1.928749847964885723e-22
1.538085937500000278e-01 1.928749847964885723e-22
1.684570312500000278e-01 1.928749847964885723e-22
1.831054687499999722e-01 1.928749847964885723e-22
1.977539062500000000e-01 1.928749847964885723e-22
2.124023437500000000e-01 1.928749847964885723e-22
2.270507812500000000e-01 1.928749847964885723e-22
2.416992187500000000e-01 1.928749847964885723e-22
2.563476562500000000e-01 1.928749847964885723e-22
2.709960937500000000e-01 1.928749847964885723e-22
2.856445312500000000e-01 1.928749847964885723e-22
3.002929687500000000e-01 1.928749847964885723e-22
3.149414062500000000e-01 1.928749847964885723e-22
3.295898437500000000e-01 1.928749847964885723e-22
3.442382812500000000e-01 1.928749847964885723e-22
3.588867187500000000e-01 1.928749847964885723e-22
3.735351562500000000e-01 1.928749847964885723e-22
3.881835937500000000e-01 1.928749847964885723e-22
4.028320312500000000e-01 1.928749847964885723e-22
4.174804687500000000e-01 1.928749847964885723e-22
4.321289062500000000e-01 1.928749847964885723e-22
4.467773437500000000e-01 1.928749847964885723e-22
4.614257812500000000e-01 1.928749847964885723e-22
4.760742187500000000e-01 1.928749847964885723e-22
4.907226562500000000e-01 1.928749847964885723e-22
5.053710937500000000e-01 1.928749847964885723e-22
5.200195312500000000e-01 1.928749847964885723e-22
5.346679687500000000e-01 1.928749847964885723e-22
5.493164062500000000e-01 1.928749847964885723e-22
5.639648437500000000e-01 1.928749847964885723e-22
5.786132812500000000e-01 1.928749847964885723e-22
5.932617187500000000e-01 1.928749847964885723e-22
6.079101562500000000e-01 1.928749847964885723e-22
6.225585937500000000e-01 1.928749847964885723e-22
6.372070312500000000e-01 1.928749847964885723e-22
6.518554687500000000e-01 1.928749847964885723e-22
6.665039062500000000e-01 1.928749847964885723e-22
6.811523437500000000e-01 1.928749847964885723e-22
6.958007812500000000e-01 1.928749847964885723e-22
7.104492187500000000e-01 1.928749847964885723e-22
7.250976562500000000e-01 1.928749847964885723e-22
7.397460937500000000e-01 1.928749847964885723e-22
7.543945312500000000e-01 1.928749847964885723e-22
7.690429687500000000e-01 1.928749847964885723e-22
7.836914062500000000e-01 1.928749847964885723e-22
7.983398437500000000e-01 1.928749847964885723e-22
8.129882812500000000e-01 1.928749847964885723e-22
8.276367187500000000e-01 1.928749847964885723e-22
8.422851562500000000e-01 1.928749847964885723e-22
8.569335937500000000e-01 1.928749847964885723e-22
8.715820312500000000e-01 1.928749847964885723e-22
8.862304687500000000e-01 1.928749847964885723e-22
9.008789062500000000e-01 1.928749847964885723e-22
9.155273437500000000e-01 1.928749847964885723e-22
9.301757812500001110e-01 1.928749847964885723e-22
9.448242187500000000e-01 1.928749847964885723e-22
9.594726562500001110e-01 1.928749847964885723e-22
9.741210937500000000e-01 1.928749847964885723e-22
9.887695312500001110e-01 1.928749847964885723e-22
1.003417968750000000e+00 1.928749847964885723e-22
1.018066406250000000e+00 1.928749847964885723e-22
1.032714843750000000e+00 1.928749847964885723e-22
1.047363281250000000e+00 1.928749847964885723e-22
1.062011718750000000e+00 1.928749847964885723e-22
1.076660156250000000e+00 1.928749847964885723e-22
1.091308593750000000e+00 1.928749847964885723e-22
1.105957031250000000e+00 1.928749847964885723e-22
1.120605468750000000e+00 1.928749847964885723e-22
1.135253906250000000e+00 1.928749847964885723e-22
1.149902343750000000e+00 1.928749847964885723e-22
1.164550781250000000e+00 1.928749847964885723e-22
1.179199218749999778e+00 1.928749847964885723e-22
1.193847656250000000e+00 1.928749847964885723e-22
1.208496093750000000e+00 1.928749847964885723e-22
1.223144531250000000e+00 1.928749847964885723e-22
1.237792968750000000e+00 1.928749847964885723e-22
1.252441406250000000e+00 1.928749847964885723e-22
1.267089843750000000e+00 1.928749847964885723e-22
1.281738281250000000e+00 1.928749847964885723e-22
1.296386718750000000e+00 1.928749847964885723e-22
1.311035156250000000e+00 1.928749847964885723e-22
1.325683593750000000e+00 1.928749847964885723e-22
1.340332031250000000e+00 1.928749847964885723e-22
1.354980468750000000e+00 1.928749847964885723e-22
1.369628906250000000e+00 1.928749847964885723e-22
1.384277343750000000e+00 1.928749847964885723e-22
1.398925781250000000e+00 1.928749847964885723e-22
1.413574218750000000e+00 1.928749847964885723e-22
1.428222656250000000e+00 1.928749847964885723e-22
1.442871093750000000e+00 1.928749847964885723e-22
1.457519531250000000e+00 1.928749847964885723e-22
1.472167968750000000e+00 1.928749847964885723e-22
1.486816406250000000e+00 1.928749847964885723e-22
1.501464843750000000e+00 1.928749847964885723e-22
1.516113281250000222e+00 1.928749847964885723e-22
1.530761718750000000e+00 1.928749847964885723e-22
1.545410156250000000e+00 1.928749847964885723e-22
1.560058593750000000e+00 1.928749847964885723e-22
1.574707031250000222e+00 1.928749847964885723e-22
1.589355468750000000e+00 1.928749847964885723e-22
1.604003906250000000e+00 1.928749847964885723e-22
1.618652343750000000e+00 1.928749847964885723e-22
1.633300781250000222e+00 1.928749847964885723e-22
1.647949218750000000e+00 1.928749847964885723e-22
1.662597656250000000e+00 1.928749847964885723e-22
1.677246093750000000e+00 1.928749847964885723e-22
1.691894531250000222e+00 1.928749847964885723e-22
1.706542968750000000e+00 1.928749847964885723e-22
1.721191406250000000e+00 1.928749847964885723e-22
1.735839843750000000e+00 1.928749847964885723e-22
1.750488281249999778e+00 1.928749847964885723e-22
1.765136718750000000e+00 1.928749847964885723e-22
1.779785156250000000e+00 1.928749847964885723e-22
1.794433593750000000e+00 1.928749847964885723e-22
1.809082031249999778e+00 1.928749847964885723e-22
1.823730468750000000e+00 1.928749847964885723e-22
1.838378906250000000e+00 1.928749847964885723e-22
1.853027343750000000e+00 1.928749847964885723e-22
1.867675781249999778e+00 1.928749847964885723e-22
1.882324218750000000e+00 1.928749847964885723e-22
1.896972656250000000e+00 1.928749847964885723e-22
1.911621093750000000e+00 1.928749847964885723e-22
1.926269531250000000e+00 1.928749847964885723e-22
1.940917968750000000e+00 1.928749847964885723e-22
1.955566406250000000e+00 1.928749847964885723e-22
1.970214843750000000e+00 1.928749847964885723e-22
1.984863281250000000e+00 1.928749847964885723e-22
1.999511718750000000e+00 1.928749847964885723e-22
2.014160156250000000e+00 1.928749847964885723e-22
2.028808593750000000e+00 1.928749847964885723e-22
2.043457031250000000e+00 1.928749847964885723e-22
2.058105468750000000e+00 1.928749847964885723e-22
2.072753906250000000e+00 1.928749847964885723e-22
2.087402343750000000e+00 1.928749847964885723e-22
2.102050781250000000e+00 1.928749847964885723e-22
2.116699218750000000e+00 1.928749847964885723e-22
2.131347656250000000e+00 1.928749847964885723e-22
2.145996093750000000e+00 1.928749847964885723e-22
2.160644531250000000e+00 1.928749847964885723e-22
2.175292968750000000e+00 1.928749847964885723e-22
2.189941406250000000e+00 1.928749847964885723e-22
2.204589843750000000e+00 1.928749847964885723e-22
2.219238281250000000e+00 1.928749847964885723e-22
2.233886718750000000e+00 1.928749847964885723e-22
2.248535156250000000e+00 1.928749847964885723e-22
2.263183593750000000e+00 1.928749847964885723e-22
2.277832031250000000e+00 1.928749847964885723e-22
2.292480468750000000e+00 1.928749847964885723e-22
2.307128906250000000e+00 1.928749847964885723e-22
2.321777343750000000e+00 1.928749847964885723e-22
2.336425781250000000e+00 1.928749847964885723e-22
2.351074218750000444e+00 1.928749847964885723e-22
2.365722656250000000e+00 1.928749847964885723e-22
2.380371093750000000e+00 1.928749847964885723e-22
2.395019531250000000e+00 1.928749847964885723e-22
2.409667968750000000e+00 1.928749847964885723e-22
2.424316406250000000e+00 1.928749847964885723e-22
2.438964843750000000e+00 1.928749847964885723e-22
2.453613281250000000e+00 9.606098355187983326e-22
2.468261718749999556e+00 2.920909707806772161e-20
2.482910156250000000e+00 6.987631136844219089e-19
2.497558593750000000e+00 1.338507480369058132e-17
2.512207031250000000e+00 2.086582307665415854e-16
2.526855468750000000e+00 2.687042925325993851e-15
2.541503906250000000e+00 2.898269593402939947e-14
2.556152343750000000e+00 2.651977303013509375e-13
2.570800781250000000e+00 2.082992480480054602e-12
2.585449218749999556e+00 1.419792353370841791e-11
2.600097656250000000e+00 8.483147239963115781e-11
2.614746093750000000e+00 4.484685241206874651e-10
2.629394531250000000e+00 2.115901657581981555e-09
2.644042968750000000e+00 8.980803297567476538e-09
2.658691406250000000e+00 3.454637568791998612e-08
2.673339843750000000e+00 1.212642050498195355e-07
2.687988281250000444e+00 3.908976074767553410e-07
2.702636718749999556e+00 1.163992463798087648e-06
2.717285156250000000e+00 3.219327629457035253e-06
2.731933593750000000e+00 8.312045644911408485e-06
2.746582031250000000e+00 2.012890484144785996e-05
2.761230468750000000e+00 4.591953614827119112e-05
2.775878906250000000e+00 9.908331352674644844e-05
2.790527343750000000e+00 2.029854442316633180e-04
2.805175781250000444e+00 3.961965871267718146e-04
2.819824218750000000e+00 7.391816938450315559e-04
2.834472656250000000e+00 1.322210178137362812e-03
2.849121093750000000e+00 2.273951014820060727e-03
2.863769531250000000e+00 3.769906513102963281e-03
2.878417968750000000e+00 6.039594021356776282e-03
2.893066406250000000e+00 9.371269660730822265e-03
2.907714843750000000e+00 1.411304678754348244e-02
2.922363281250000444e+00 2.066950670081152061e-02
2.937011718750000000e+00 2.949330615201056077e-02
2.951660156250000000e+00 4.107179962364812531e-02
2.966308593750000000e+00 5.590923833258529957e-02
2.980957031250000000e+00 7.450560243950021810e-02
2.995605468750000000e+00 9.733349901968037232e-02
3.010253906250000000e+00 1.248147694829959409e-01
3.024902343750000000e+00 1.572984780297716767e-01
3.039550781250000444e+00 1.950418069076072791e-01
3.054199218750000000e+00 2.381950968126577139e-01
3.068847656250000000e+00 2.867918882446838791e-01
3.083496093750000000e+00 3.407443938910298953e-01
3.098144531250000000e+00 3.998444123426046493e-01
3.112792968750000000e+00 4.637693201699344403e-01
3.127441406250000000e+00 5.320924809397372668e-01
3.142089843750000000e+00 6.042972014579219842e-01
3.156738281249999556e+00 6.797932505067315612e-01
3.171386718750000000e+00 7.579349270724504706e-01
3.186035156250000000e+00 8.380397100289074253e-01
3.200683593750000000e+00 9.194066222842325331e-01
3.215332031250000000e+00 1.001333580997921135e+00
3.229980468750000000e+00 1.083133164240185575e+00
3.244628906250000000e+00 1.164146388109691843e+00
3.259277343750000000e+00 1.243754244930638464e+00
3.273925781249999556e+00 1.321386893941749907e+00
3.288574218750000000e+00 1.396530515450844279e+00
3.303222656250000000e+00 1.468731935206838646e+00
3.317871093750000000e+00 1.537601197343138049e+00
3.332519531250000000e+00 1.602812312955221197e+00
3.347167968750000000e+00 1.664102439871018024e+00
3.361816406250000000e+00 1.721269760345867539e+00
3.376464843750000444e+00 1.774170320878490914e+00
3.391113281249999556e+00 1.822714085194497624e+00
3.405761718750000000e+00 1.866860430997957732e+00
3.420410156250000000e+00 1.906613295795667851e+00
3.435058593750000000e+00 1.942016149463467789e+00
3.449707031250000000e+00 1.973146942793518210e+00
3.464355468750000000e+00 2.000113153668674926e+00
3.479003906250000000e+00 2.023047026474566135e+00
3.493652343750000444e+00 2.042101076794147207e+00
3.508300781250000000e+00 2.057443912442697087e+00
3.522949218750000000e+00 2.069256403912792752e+00
3.537597656250000000e+00 2.077728222035290617e+00
3.552246093750000000e+00 2.083054748260212197e+00
3.566894531250000000e+00 2.085434352946160974e+00
3.581542968750000000e+00 2.085066029432250723e+00
3.596191406250000000e+00 2.082147365902109915e+00
3.610839843750000444e+00 2.076872833126607532e+00
3.625488281250000000e+00 2.069432363540686381e+00
3.640136718750000000e+00 2.060010195789903520e+00
3.654785156250000000e+00 2.048783958367937696e+00
3.669433593750000000e+00 2.035923966322084055e+00
3.684082031250000000e+00 2.021592705783127553e+00
3.698730468750000000e+00 2.005944482391313954e+00
3.713378906250000000e+00 1.989125211154031847e+00
3.728027343750000444e+00 1.971272327035966221e+00
3.742675781250000000e+00 1.952514797310047845e+00
3.757324218750000000e+00 1.932973218578155405e+00
3.771972656250000000e+00 1.912759983096847805e+00
3.786621093750000000e+00 1.891979500834305439e+00
3.801269531250000000e+00 1.870728465261293660e+00
3.815917968750000000e+00 1.849096152470811605e+00
3.830566406250000000e+00 1.827164744577042477e+00
3.845214843749999556e+00 1.805009669693184993e+00
3.859863281250000000e+00 1.782699951900979851e+00
3.874511718750000000e+00 1.760298565728382725e+00
3.889160156250000000e+00 1.737862790530776413e+00
3.903808593750000000e+00 1.715444561047998917e+00
3.918457031250000000e+00 1.693090811079002611e+00
3.933105468750000000e+00 1.670843807896299493e+00
3.947753906250000000e+00 1.648741475513923804e+00
3.962402343749999556e+00 1.626817705438110107e+00
3.977050781250000000e+00 1.605102653877510832e+00
3.991699218750000000e+00 1.583623024771948495e+00
4.006347656250000000e+00 1.562402338231541510e+00
4.020996093750000000e+00 1.541461184256783135e+00
4.035644531250000000e+00 1.520817461754228050e+00
4.050292968750000000e+00 1.500486603060941393e+00
4.064941406250000000e+00 1.480481784270117673e+00
4.079589843750000000e+00 1.460814121788112763e+00
4.094238281250000000e+00 1.441492855583835997e+00
4.108886718750000000e+00 1.422525519686593354e+00
4.123535156250000000e+00 1.403918100483716236e+00
4.138183593750000000e+00 1.385675183434203372e+00
4.152832031250000000e+00 1.367800088785824597e+00
4.167480468750000000e+00 1.350294996926379554e+00
4.182128906250000000e+00 1.333161063956000536e+00
4.196777343750000000e+00 1.316398528095366727e+00
4.211425781250000000e+00 1.300006807492458893e+00
4.226074218750000000e+00 1.283984590008128812e+00
4.240722656250000000e+00 1.268329915504086358e+00
4.255371093750000000e+00 1.253040251168954233e+00
4.270019531250000000e+00 1.238112560358676451e+00
4.284667968750000000e+00 1.223543365437350428e+00
4.299316406250000000e+00 1.209328805044790345e+00
4.313964843750000000e+00 1.195464686225879758e+00
4.328613281250000000e+00 1.181946531798251820e+00
4.343261718750000000e+00 1.168769623343562714e+00
4.357910156250000000e+00 1.155929040151286502e+00
4.372558593750000000e+00 1.143419694453467361e+00
4.387207031250000000e+00 1.131236363235046838e+00
4.401855468750000000e+00 1.119373716915045502e+00
4.416503906250000000e+00 1.107826345142814306e+00
4.431152343750000000e+00 1.096588779965810057e+00
4.445800781250000000e+00 1.085655516576744528e+00
4.460449218750000000e+00 1.075021031861736587e+00
4.475097656250000000e+00 1.064679800925486974e+00
4.489746093750000000e+00 1.054626311784216508e+00
4.504394531250000000e+00 1.044855078374555601e+00
4.519042968750000000e+00 1.035360652041824592e+00
4.533691406250000000e+00 1.026137631631905967e+00
4.548339843750000000e+00 1.017180672326707169e+00
4.562988281250000000e+00 1.008484493326217590e+00
4.577636718750000000e+00 1.000043884497044955e+00
4.592285156250000000e+00 9.918537120725373635e-01
4.606933593750000000e+00 9.839089235068052552e-01
4.621582031250000000e+00 9.762045515525298311e-01
4.636230468750000000e+00 9.687357176497414235e-01
4.650878906250000000e+00 9.614976346828293385e-01
4.665527343750000000e+00 9.544856091798833431e-01
4.680175781250000000e+00 9.476950430005423032e-01
4.694824218750000000e+00 9.411214345761567124e-01
4.709472656250000000e+00 9.347603797384723689e-01
4.724121093750000000e+00 9.286075721919215820e-01
4.738769531250000000e+00 9.226588036577378915e-01
4.753417968750000000e+00 9.169099637372974954e-01
4.768066406250000000e+00 9.113570395161485482e-01
4.782714843750000000e+00 9.059961149499426991e-01
4.797363281250000000e+00 9.008233700479003625e-01
4.812011718750000888e+00 8.958350798896519418e-01
4.826660156249999112e+00 8.910276134866086384e-01
4.841308593750000000e+00 8.863974325189531989e-01
4.855957031250000000e+00 8.819410899555412131e-01
4.870605468750000000e+00 8.776552285841827672e-01
4.885253906250000000e+00 8.735365794561147368e-01
4.899902343750000000e+00 8.695819602691485795e-01
4.914550781250000000e+00 8.657882736906094001e-01
4.929199218750000000e+00 8.621525056417806976e-01
4.943847656250000000e+00 8.586717235428340533e-01
4.958496093750000000e+00 8.553430745377944566e-01
4.973144531250000000e+00 8.521637836967619339e-01
4.987792968750000000e+00 8.491311522128716094e-01
5.002441406250000000e+00 8.462425555899019125e-01
5.017089843750000000e+00 8.434954418366316098e-01
5.031738281250000888e+00 8.408873296622308979e-01
5.046386718750000888e+00 8.384158066879265903e-01
5.061035156249999112e+00 8.360785276681441669e-01
5.075683593750000000e+00 8.338732127350766410e-01
5.090332031250000000e+00 8.317976456595237433e-01
5.104980468750000000e+00 8.298496721407117027e-01
5.119628906250000000e+00 8.280271981174056606e-01
5.134277343750000000e+00 8.263281881125537076e-01
5.148925781250000000e+00 8.247506636029388050e-01
5.163574218750000000e+00 8.232927014255094766e-01
5.178222656250000000e+00 8.219524322117225390e-01
5.192871093750000000e+00 8.207280388609862198e-01
5.207519531250000000e+00 8.196177550439338599e-01
5.222167968750000000e+00 8.186198637465925687e-01
5.236816406250000000e+00 8.177326958456192507e-01
5.251464843750000000e+00 8.169546287255433636e-01
5.266113281250000888e+00 8.162840849279414668e-01
5.280761718749999112e+00 8.157195308428227820e-01
5.295410156250000000e+00 8.152594754325218629e-01
5.310058593750000000e+00 8.149024689977846236e-01
5.324707031250000000e+00 8.146471019761860610e-01
5.339355468750000000e+00 8.144920037823276671e-01
5.354003906250000000e+00 8.144358416800007161e-01
5.368652343750000000e+00 8.144773196952153071e-01
5.383300781250000000e+00 8.146151775603567291e-01
5.397949218750000000e+00 8.148481896980832584e-01
5.412597656250000000e+00 8.151751642351450222e-01
5.427246093750000000e+00 8.155949420544172934e-01
5.441894531250000000e+00 8.161063958752108327e-01
5.456542968750000000e+00 8.167084293702310260e-01
5.471191406250000000e+00 8.173999763086403636e-01
5.485839843750000000e+00 8.181799997338952135e-01
5.500488281250000888e+00 8.190474911655397650e-01
5.515136718749999112e+00 8.200014698333621954e-01
5.529785156250000000e+00 8.210409819334346659e-01
5.544433593750000000e+00 8.221650999139288318e-01
5.559082031250000000e+00 8.233729217805270117e-01
5.573730468750000000e+00 8.246635704292832880e-01
5.588378906250000000e+00 8.260361929967861006e-01
5.603027343750000000e+00 8.274899602355357819e-01
5.617675781250000000e+00 8.290240659045653437e-01
5.632324218750000000e+00 8.306377261833737258e-01
5.646972656250000000e+00 8.323301790993654636e-01
5.661621093750000000e+00 8.341006839772132642e-01
5.676269531250000000e+00 8.359485209003180151e-01
5.690917968750000000e+00 8.378729901931093460e-01
5.705566406250000000e+00 8.398734119148515420e-01
5.720214843750000888e+00 8.419491253735282843e-01
5.734863281250000888e+00 8.440994886507913186e-01
5.749511718749999112e+00 8.463238781468546135e-01
5.764160156250000000e+00 8.486216881362245168e-01
5.778808593750000000e+00 8.509923303433671871e-01
5.793457031250000000e+00 8.534352335285619873e-01
5.808105468750000000e+00 8.559498430928194068e-01
5.822753906250000000e+00 8.585356206899260600e-01
5.837402343750000000e+00 8.611920438494692354e-01
5.852050781250000000e+00 8.639186055894407801e-01
5.866699218750000000e+00 8.667148140015744628e-01
5.881347656250000000e+00 8.695801917509079493e-01
5.895996093750000000e+00 8.725142754102884757e-01
5.910644531250000000e+00 8.755166144728787625e-01
5.925292968750000000e+00 8.785867698219850253e-01
5.939941406250000000e+00 8.817243113139806576e-01
5.954589843750000888e+00 8.849288140278626091e-01
5.969238281249999112e+00 8.881998525913158415e-01
5.983886718750000000e+00 8.915369929065302124e-01
5.998535156250000000e+00 8.949397805139780449e-01
6.013183593750000000e+00 8.984077248558887119e-01
6.027832031250000000e+00 9.019402787723784787e-01
6.042480468750000000e+00 9.055368127762333241e-01
6.057128906250000000e+00 9.091965839221141099e-01
6.071777343750000000e+00 9.129186994807023670e-01
6.086425781250000000e+00 9.167020760314733563e-01
6.101074218750000000e+00 9.205453950465826152e-01
6.115722656250000000e+00 9.244470564214194441e-01
6.130371093750000000e+00 9.284051317573486228e-01
6.145019531250000000e+00 9.324173194011888821e-01
6.159667968750000000e+00 9.364809033526311222e-01
6.174316406250000000e+00 9.405927180747134519e-01
6.188964843750000888e+00 9.447491210719414223e-01
6.203613281249999112e+00 9.489459747695520031e-01
6.218261718750000000e+00 9.531786388482808015e-01
6.232910156250000000e+00 9.574419737104525874e-01
6.247558593750000000e+00 9.617303552928275767e-01
6.262207031250000000e+00 9.660377009518247293e-01
6.276855468750000000e+00 9.703575057364137724e-01
6.291503906250000000e+00 9.746828879728683948e-01
6.306152343750000000e+00 9.790066428156620759e-01
6.320800781250000000e+00 9.833213021872141413e-01
6.335449218750000000e+00 9.876191994303288313e-01
6.350097656250000000e+00 9.918925369341058396e-01
6.364746093750000000e+00 9.961334550493243789e-01
6.379394531250000000e+00 1.000334100682694682e+00
6.394042968750000000e+00 1.004486694125382940e+00
6.408691406250000888e+00 1.008583592829199072e+00
6.423339843750000888e+00 1.012617351068609395e+00
6.437988281249999112e+00 1.016580774617938054e+00
6.452636718750000000e+00 1.020466969809247448e+00
6.467285156250000000e+00 1.024269386520452851e+00
6.481933593750000000e+00 1.027981854856360178e+00
6.496582031250000000e+00 1.031598615436079891e+00
6.511230468750000000e+00 1.035114343372298684e+00
6.525878906250000000e+00 1.038524166132113402e+00
6.540527343750000000e+00 1.041823675594501841e+00
6.555175781250000000e+00 1.045008934676348256e+00
6.569824218750000000e+00 1.048076478979413473e+00
6.584472656250000000e+00 1.051023313926473968e+00
6.599121093750000000e+00 1.053846907898460916e+00
6.613769531250000000e+00 1.056545181867605709e+00
6.628417968750000000e+00 1.059116496038673416e+00
6.643066406250000888e+00 1.061559633970601935e+00
6.657714843749999112e+00 1.063873784650689158e+00
6.672363281250000000e+00 1.066058522939818287e+00
6.687011718750000000e+00 1.068113788797927066e+00
6.701660156250000000e+00 1.070039865638377830e+00
6.716308593750000000e+00 1.071837358147615937e+00
6.730957031250000000e+00 1.073507169844687192e+00
6.745605468750000000e+00 1.075050480643577444e+00
6.760253906250000000e+00 1.076468724622085427e+00
6.774902343750000000e+00 1.077763568192478649e+00
6.789550781250000000e+00 1.078936888814636896e+00
6.804199218750000000e+00 1.079990754387826657e+00
6.818847656250000000e+00 1.080927403408951104e+00
6.833496093750000000e+00 1.081749225984819152e+00
6.848144531250000000e+00 1.082458745742907569e+00
6.862792968750000000e+00 1.083058602690735617e+00
6.877441406250000888e+00 1.083551537034644685e+00
6.892089843749999112e+00 1.083940373979171756e+00
6.906738281250000000e+00 1.084228009493587885e+00
6.921386718750000000e+00 1.084417397046266274e+00
6.936035156250000000e+00 1.084511535275611394e+00
6.950683593750000000e+00 1.084513456584524249e+00
6.965332031250000000e+00 1.084426216616048322e+00
6.979980468750000000e+00 1.084252884588024823e+00
6.994628906250000000e+00 1.083996534437762671e+00
7.009277343750000000e+00 1.083660236750101147e+00
7.023925781250000000e+00 1.083247051416391660e+00
7.038574218750000000e+00 1.082760020996020423e+00
7.053222656250000000e+00 1.082202164727270155e+00
7.067871093750000000e+00 1.081576473159920893e+00
7.082519531250000000e+00 1.080885903356838318e+00
7.097167968750000888e+00 1.080133374638763577e+00
7.111816406250000888e+00 1.079321764822408491e+00
7.126464843749999112e+00 1.078453906927915318e+00
7.141113281250000000e+00 1.077532586308957541e+00
7.155761718750000000e+00 1.076560538184859306e+00
7.170410156250000000e+00 1.075540445531103506e+00
7.185058593750000000e+00 1.074474937310673672e+00
7.199707031250000000e+00 1.073366587006383099e+00
7.214355468750000000e+00 1.072217911439742322e+00
7.229003906250000000e+00 1.071031369839857250e+00
7.243652343750000000e+00 1.069809363151032144e+00
7.258300781250000000e+00 1.068554233545864207e+00
7.272949218750000000e+00 1.067268264135539990e+00
7.287597656250000000e+00 1.065953678846562225e+00
7.302246093750000000e+00 1.064612642459145997e+00
7.316894531250000000e+00 1.063247260778598324e+00
7.331542968750000888e+00 1.061859580937293934e+00
7.346191406249999112e+00 1.060451591801488291e+00
7.360839843750000000e+00 1.059025224482489591e+00
7.375488281250000000e+00 1.057582352928385205e+00
7.390136718750000000e+00 1.056124794597915972e+00
7.404785156250000000e+00 1.054654311194787919e+00
7.419433593750000000e+00 1.053172609465256926e+00
7.434082031250000000e+00 1.051681342039216593e+00
7.448730468750000000e+00 1.050182108319104080e+00
7.463378906250000000e+00 1.048676455397936635e+00
7.478027343750000000e+00 1.047165879012356804e+00
7.492675781250000000e+00 1.045651824513148531e+00
7.507324218750000000e+00 1.044135687860118011e+00
7.521972656250000000e+00 1.042618816624654166e+00
7.536621093750000000e+00 1.041102511008298315e+00
7.551269531250000000e+00 1.039588024860924165e+00
7.565917968750000888e+00 1.038076566707891280e+00
7.580566406249999112e+00 1.036569300770681101e+00
7.595214843750000000e+00 1.035067347990705544e+00
7.609863281250000000e+00 1.033571787041633883e+00
7.624511718750000000e+00 1.032083655340385375e+00
7.639160156250000000e+00 1.030603950042708883e+00
7.653808593750000000e+00 1.029133629033932573e+00
7.668457031250000000e+00 1.027673611901223971e+00
7.683105468750000000e+00 1.026224780898300715e+00
7.697753906250000000e+00 1.024787981889458521e+00
7.712402343750000000e+00 1.023364025283903134e+00
7.727050781250000000e+00 1.021953686947765005e+00
7.741699218750000000e+00 1.020557709105053279e+00
7.756347656250000000e+00 1.019176801214862538e+00
7.770996093750000000e+00 1.017811640836952414e+00
7.785644531250000888e+00 1.016462874472339406e+00
7.800292968750000888e+00 1.015131118391874754e+00
7.814941406249999112e+00 1.013816959439568066e+00
7.829589843750000000e+00 1.012520955823295488e+00
7.844238281250000000e+00 1.011243637880258728e+00
7.858886718750000000e+00 1.009985508829739587e+00
7.873535156250000000e+00 1.008747045500650641e+00
7.888183593750000000e+00 1.007528699046645437e+00
7.902832031250000000e+00 1.006330895636075029e+00
7.917480468750000000e+00 1.005154037129908140e+00
7.932128906250000000e+00 1.003998501734922444e+00
7.946777343750000000e+00 1.002864644645165448e+00
7.961425781250000000e+00 1.001752798659223176e+00
7.976074218750000000e+00 1.000663274786294910e+00
7.990722656250000000e+00 9.995963628286976821e-01
8.005371093750000000e+00 9.985523319535368758e-01
8.020019531250000000e+00 9.975314312416577733e-01
8.034667968750000000e+00 9.965338902263838339e-01
8.049316406250000000e+00 9.955599194099478133e-01
8.063964843750000000e+00 9.946097107707443374e-01
8.078613281250000000e+00 9.936834382487912398e-01
8.093261718750000000e+00 9.927812582225173932e-01
8.107910156250000000e+00 9.919033099648584262e-01
8.122558593750000000e+00 9.910497160910359815e-01
8.137207031250000000e+00 9.902205829865897702e-01
8.151855468750000000e+00 9.894160012276481675e-01
8.166503906250000000e+00 9.886360459822705060e-01
8.181152343750000000e+00 9.878807774046891588e-01
8.195800781250000000e+00 9.871502410111889780e-01
8.210449218750000000e+00 9.864444680498570817e-01
8.225097656250000000e+00 9.857634758525190000e-01
8.239746093750000000e+00 9.851072681812140797e-01
8.254394531250000000e+00 9.844758355574078079e-01
8.269042968750000000e+00 9.838691555866886373e-01
8.283691406250000000e+00 9.832871932667230919e-01
8.298339843750000000e+00 9.827299012912054099e-01
8.312988281250000000e+00 9.821972203379106814e-01
8.327636718750000000e+00 9.816890793533247228e-01
8.342285156250000000e+00 9.812053958218089900e-01
8.356933593750000000e+00 9.807460760321904392e-01
8.371582031250000000e+00 9.803110153293412843e-01
8.386230468750000000e+00 9.799000983637099482e-01
8.400878906250000000e+00 9.795131993265903114e-01
8.415527343750000000e+00 9.791501821837146347e-01
8.430175781250000000e+00 9.788109008951692003e-01
8.444824218750000000e+00 9.784951996342848846e-01
8.459472656250000000e+00 9.782029129930697176e-01
8.474121093750000000e+00 9.779338661874982241e-01
8.488769531250000000e+00 9.776878752495842262e-01
8.503417968750000000e+00 9.774647472197853793e-01
8.518066406250000000e+00 9.772642803267591605e-01
8.532714843750000000e+00 9.770862641678370597e-01
8.547363281250000000e+00 9.769304798773764675e-01
8.562011718750000000e+00 9.767967002960340483e-01
8.576660156250000000e+00 9.766846901285417548e-01
8.591308593750000000e+00 9.765942061027904630e-01
8.605957031250000000e+00 9.765249971177291100e-01
8.620605468750000000e+00 9.764768043929310526e-01
8.635253906250000000e+00 9.764493616074126914e-01
8.649902343750000000e+00 9.764423950403353647e-01
8.664550781250000000e+00 9.764556237015140638e-01
8.679199218750000000e+00 9.764887594639919399e-01
8.693847656250000000e+00 9.765415071866647700e-01
8.708496093750000000e+00 9.766135648395337654e-01
8.723144531250000000e+00 9.767046236189781405e-01
8.737792968750000000e+00 9.768143680662060291e-01
8.752441406250000000e+00 9.769424761759698539e-01
8.767089843750000000e+00 9.770886195086564419e-01
8.781738281250000000e+00 9.772524632928896171e-01
8.796386718750000000e+00 9.774336665317847617e-01
8.811035156250000000e+00 9.776318820997448311e-01
8.825683593750000000e+00 9.778467568433286683e-01
8.840332031250000000e+00 9.780779316729100170e-01
8.854980468750000000e+00 9.783250416585730358e-01
8.869628906250000000e+00 9.785877161169881377e-01
8.884277343750000000e+00 9.788655787027522592e-01
8.898925781250000000e+00 9.791582474909363842e-01
8.913574218750000000e+00 9.794653350642459344e-01
8.928222656250000000e+00 9.797864485916540911e-01
8.942871093750000000e+00 9.801211899116633042e-01
8.957519531250000000e+00 9.804691556072634429e-01
8.972167968750000000e+00 9.808299370859304700e-01
8.986816406250000000e+00 9.812031206511144799e-01
9.001464843750000000e+00 9.815882875790922224e-01
9.016113281250000000e+00 9.819850141875771099e-01
9.030761718750000000e+00 9.823928719096983730e-01
9.045410156250000000e+00 9.828114273600129236e-01
9.060058593750000000e+00 9.832402424063485524e-01
9.074707031250000000e+00 9.836788742335985658e-01
9.089355468750000000e+00 9.841268754144204545e-01
9.104003906250000000e+00 9.845837939724183530e-01
9.118652343750000000e+00 9.850491734534588817e-01
9.133300781250000000e+00 9.855225529912609028e-01
9.147949218750000000e+00 9.860034673835612606e-01
9.162597656250000000e+00 9.864914471657911799e-01
9.177246093750000000e+00 9.869860186995819129e-01
9.191894531250000000e+00 9.874867042643659110e-01
9.206542968750000000e+00 9.879930221701692661e-01
9.221191406250000000e+00 9.885044868815016095e-01
9.235839843750000000e+00 9.890206091712974157e-01
9.250488281250000000e+00 9.895408962954966858e-01
9.265136718750000000e+00 9.900648522083369540e-01
9.279785156250000000e+00 9.905919778086184069e-01
9.294433593750000000e+00 9.911217712370290478e-01
9.309082031250000000e+00 9.916537282143722543e-01
9.323730468750000000e+00 9.921873424390741381e-01
9.338378906250000000e+00 9.927221060323596635e-01
9.353027343750000000e+00 9.932575100480236507e-01
9.367675781250000000e+00 9.937930450322179921e-01
9.382324218750000000e+00 9.943282016477524854e-01
9.396972656250000000e+00 9.948624713459167657e-01
9.411621093750000000e+00 9.953953470978862406e-01
9.426269531250000000e+00 9.959263241654668919e-01
9.440917968750000000e+00 9.964549009217081865e-01
9.455566406250000000e+00 9.969805796988387980e-01
9.470214843750000000e+00 9.975028676719628340e-01
9.484863281250000000e+00 9.980212777553841841e-01
9.499511718750001776e+00 9.985353295186423228e-01
9.514160156250000000e+00 9.990445500984395100e-01
9.528808593749998224e+00 9.995484751139745994e-01
9.543457031250000000e+00 1.000046649561643575e+00
9.558105468750000000e+00 1.000538628697548171e+00
9.572753906250000000e+00 1.001023978884193477e+00
9.587402343750000000e+00 1.001502278411370517e+00
9.602050781250000000e+00 1.001973118268680407e+00
9.616699218750000000e+00 1.002436102880900348e+00
9.631347656250000000e+00 1.002890850785757015e+00
9.645996093750000000e+00 1.003336995266117082e+00
9.660644531250000000e+00 1.003774184918044154e+00
9.675292968750000000e+00 1.004202084168626330e+00
9.689941406250000000e+00 1.004620373725823912e+00
9.704589843750000000e+00 1.005028750976004082e+00
9.719238281250001776e+00 1.005426930312603551e+00
9.733886718750000000e+00 1.005814643413025733e+00
9.748535156250001776e+00 1.006191639447695074e+00
9.763183593750000000e+00 1.006557685239972688e+00
9.777832031249998224e+00 1.006912565361226086e+00
9.792480468750000000e+00 1.007256082180635115e+00
9.807128906250000000e+00 1.007588055854651721e+00
9.821777343750000000e+00 1.007908324275990752e+00
9.836425781250000000e+00 1.008216742967563695e+00
9.851074218750000000e+00 1.008513184941566942e+00
9.865722656250000000e+00 1.008797540509250190e+00
9.880371093750000000e+00 1.009069717061593652e+00
9.895019531250000000e+00 1.009329638806545359e+00
9.909667968750000000e+00 1.009577246483234436e+00
9.924316406250000000e+00 1.009812497038366619e+00
9.938964843750000000e+00 1.010035363285382681e+00
9.953613281250000000e+00 1.010245833531208115e+00
9.968261718750001776e+00 1.010443911191369226e+00
9.982910156250000000e+00 1.010629614377678731e+00
9.997558593749998224e+00 1.010802975479272892e+00
1.001220703125000000e+01 1.010964040720959467e+00
1.002685546875000000e+01 1.011112869719415164e+00
1.004150390625000000e+01 1.011249535020785739e+00
1.005615234375000000e+01 1.011374121640234547e+00
1.007080078125000000e+01 1.011486726586555474e+00
1.008544921875000000e+01 1.011587458392091632e+00
1.010009765625000000e+01 1.011676436631169462e+00
1.011474609375000000e+01 1.011753791446698969e+00
1.012939453125000000e+01 1.011819663067863306e+00
1.014404296875000000e+01 1.011874201338812451e+00
1.015869140625000000e+01 1.011917565240582739e+00
1.017333984375000000e+01 1.011949922426228943e+00
1.018798828125000178e+01 1.011971448750861979e+00
1.020263671875000000e+01 1.011982327816925098e+00
1.021728515624999822e+01 1.011982750515838525e+00
1.023193359375000000e+01 1.011972914586194205e+00
1.024658203125000000e+01 1.011953024169557125e+00
1.026123046875000000e+01 1.011923289384081714e+00
1.027587890625000000e+01 1.011883925896608138e+00
1.029052734375000000e+01 1.011835154516090851e+00
1.030517578125000000e+01 1.011777200795206832e+00
1.031982421875000000e+01 1.011710294654859954e+00
1.033447265625000000e+01 1.011634669991129387e+00
1.034912109375000000e+01 1.011550564285161657e+00
1.036376953125000000e+01 1.011458218217611726e+00
1.037841796875000000e+01 1.011357875314131682e+00
1.039306640625000000e+01 1.011249781593553942e+00
1.040771484375000178e+01 1.011134185237160477e+00
1.042236328125000000e+01 1.011011336257308990e+00
1.043701171875000178e+01 1.010881486186981482e+00
1.045166015625000000e+01 1.010744887768713296e+00
1.046630859374999822e+01 1.010601794664312436e+00
1.048095703125000000e+01 1.010452461163806825e+00
1.049560546875000000e+01 1.010297141915094121e+00
1.051025390625000000e+01 1.010136091652587886e+00
1.052490234375000000e+01 1.009969564946256781e+00
1.053955078125000000e+01 1.009797815949523114e+00
1.055419921875000000e+01 1.009621098167224451e+00
1.056884765625000000e+01 1.009439664222127941e+00
1.058349609375000000e+01 1.009253765641246137e+00
1.059814453125000000e+01 1.009063652640356024e+00
1.061279296875000000e+01 1.008869573927794638e+00
1.062744140625000000e+01 1.008671776506578910e+00
1.064208984375000000e+01 1.008470505494676983e+00
1.065673828125000178e+01 1.008266003949177092e+00
1.067138671875000000e+01 1.008058512716053734e+00
1.068603515624999822e+01 1.007848270242226230e+00
1.070068359375000000e+01 1.007635512415158585e+00
1.071533203125000000e+01 1.007420472426415303e+00
1.072998046875000000e+01 1.007203380642042623e+00
1.074462890625000000e+01 1.006984464465384255e+00
1.075927734375000000e+01 1.006763948218820648e+00
1.077392578125000000e+01 1.006542053020215155e+00
1.078857421875000000e+01 1.006318996677943334e+00
1.080322265625000000e+01 1.006094993580009866e+00
1.081787109375000000e+01 1.005870254601584524e+00
1.083251953125000000e+01 1.005644987006128810e+00
1.084716796875000000e+01 1.005419394364691188e+00
1.086181640625000000e+01 1.005193676468257635e+00
1.087646484375000178e+01 1.004968029258246132e+00
1.089111328125000000e+01 1.004742644749351710e+00
1.090576171874999822e+01 1.004517710970407318e+00
1.092041015625000000e+01 1.004293411897296595e+00
1.093505859375000000e+01 1.004069927403355544e+00
1.094970703125000000e+01 1.003847433201677797e+00
1.096435546875000000e+01 1.003626100804736909e+00
1.097900390625000000e+01 1.003406097475159964e+00
1.099365234375000000e+01 1.003187586193925673e+00
1.100830078125000000e+01 1.002970725619335646e+00
1.102294921875000000e+01 1.002755670063043114e+00
1.103759765625000000e+01 1.002542569456595922e+00
1.105224609375000000e+01 1.002331569334886652e+00
1.106689453125000000e+01 1.002122810809674025e+00
1.108154296875000000e+01 1.001916430559930182e+00
1.109619140625000178e+01 1.001712560811850672e+00
1.111083984375000000e+01 1.001511329335740275e+00
1.112548828125000178e+01 1.001312859431802815e+00
1.114013671875000000e+01 1.001117269933198495e+00
1.115478515624999822e+01 1.000924675197402358e+00
1.116943359375000000e+01 1.000735185114624892e+00
1.118408203125000000e+01 1.000548905104549968e+00
1.119873046875000000e+01 1.000365936129745226e+00
1.121337890625000000e+01 1.000186374697140446e+00
1.122802734375000000e+01 1.000010312876386420e+00
1.124267578125000000e+01 9.998378383054837837e-01
1.125732421875000000e+01 9.996690342137345420e-01
1.127197265625000000e+01 9.995039794313135273e-01
1.128662109375000000e+01 9.993427484163068808e-01
1.130126953125000000e+01 9.991854112681114453e-01
1.131591796875000000e+01 9.990320337580771426e-01
1.133056640625000000e+01 9.988826773464808406e-01
1.134521484375000178e+01 9.987373992165579084e-01
1.135986328125000000e+01 9.985962522946510989e-01
1.137451171874999822e+01 9.984592852875020519e-01
1.138916015625000000e+01 9.983265427052090413e-01
1.140380859375000000e+01 9.981980649015773643e-01
1.141845703125000000e+01 9.980738880995850826e-01
1.143310546875000000e+01 9.979540444346522987e-01
1.144775390625000000e+01 9.978385619824078345e-01
1.146240234375000000e+01 9.977274648044741623e-01
1.147705078125000000e+01 9.976207729786308320e-01
1.149169921875000000e+01 9.975185026467356941e-01
1.150634765625000000e+01 9.974206660470521513e-01
1.152099609375000000e+01 9.973272715644475594e-01
1.153564453125000000e+01 9.972383237645765508e-01
1.155029296875000000e+01 9.971538234463250827e-01
1.156494140625000178e+01 9.970737676779437564e-01
1.157958984375000000e+01 9.969981498517782592e-01
1.159423828124999822e+01 9.969269597226180224e-01
1.160888671875000000e+01 9.968601834650849813e-01
1.162353515625000000e+01 9.967978037143903070e-01
1.163818359375000000e+01 9.967397996271568639e-01
1.165283203125000000e+01 9.966861469254465478e-01
1.166748046875000000e+01 9.966368179614949474e-01
1.168212890625000000e+01 9.965917817661155143e-01
1.169677734375000000e+01 9.965510041184537648e-01
1.171142578125000000e+01 9.965144475994450746e-01
1.172607421875000000e+01 9.964820716678273183e-01
1.174072265625000000e+01 9.964538327195838763e-01
1.175537109375000000e+01 9.964296841708293329e-01
1.177001953125000000e+01 9.964095765239183722e-01
1.178466796875000178e+01 9.963934574577220094e-01
1.179931640625000000e+01 9.963812719005576968e-01
1.181396484375000178e+01 9.963729621278221149e-01
1.182861328125000000e+01 9.963684678411064422e-01
1.184326171874999822e+01 9.963677262743836360e-01
1.185791015625000000e+01 9.963706722310728958e-01
1.187255859375000000e+01 9.963772380058701916e-01
1.188720703125000000e+01 9.963873535192020459e-01
1.190185546875000000e+01 9.964009468050488705e-01
1.191650390625000000e+01 9.964179441683509442e-01
1.193115234375000000e+01 9.964382701136929033e-01
1.194580078125000000e+01 9.964618473861576176e-01
1.196044921875000000e+01 9.964885970923735847e-01
1.197509765625000000e+01 9.965184387949918010e-01
1.198974609375000000e+01 9.965512906316049691e-01
1.200439453125000000e+01 9.965870694087221038e-01
1.201904296875000000e+01 9.966256907191458625e-01
1.203369140625000178e+01 9.966670690336064675e-01
1.204833984375000000e+01 9.967111178157308515e-01
1.206298828124999822e+01 9.967577496103564583e-01
1.207763671875000000e+01 9.968068761552963952e-01
1.209228515625000000e+01 9.968584084656607613e-01
1.210693359375000000e+01 9.969122569418832347e-01
1.212158203125000000e+01 9.969683314495592086e-01
1.213623046875000000e+01 9.970265414235908175e-01
1.215087890625000000e+01 9.970867959431893857e-01
1.216552734375000000e+01 9.971490038320047766e-01
1.218017578125000000e+01 9.972130737283576574e-01
1.219482421875000000e+01 9.972789141813369618e-01
1.220947265625000000e+01 9.973464337164645865e-01
1.222412109375000000e+01 9.974155409279216178e-01
1.223876953125000000e+01 9.974861445395944992e-01
1.225341796875000178e+01 9.975581534940395345e-01
1.226806640625000000e+01 9.976314770091713191e-01
1.228271484374999822e+01 9.977060246639385399e-01
1.229736328125000000e+01 9.977817064513517797e-01
1.231201171875000000e+01 9.978584328611364018e-01
1.232666015625000000e+01 9.979361149291114952e-01
1.234130859375000000e+01 9.980146643175423771e-01
1.235595703125000000e+01 9.980939933611852055e-01
1.237060546875000000e+01 9.981740151453885046e-01
1.238525390625000000e+01 9.982546435491934655e-01
1.239990234375000000e+01 9.983357933216568947e-01
1.241455078125000000e+01 9.984173801220884714e-01
1.242919921875000000e+01 9.984993205947372275e-01
1.244384765625000000e+01 9.985815324065179244e-01
1.245849609375000000e+01 9.986639343201563213e-01
1.247314453125000178e+01 9.987464462294780576e-01
1.248779296875000000e+01 9.988289892311918994e-01
1.250244140625000178e+01 9.989114856575518342e-01
1.251708984375000000e+01 9.989938591468955353e-01
1.253173828124999822e+01 9.990760346736796693e-01
1.254638671875000000e+01 9.991579386176240307e-01
1.256103515625000000e+01 9.992394987908008730e-01
1.257568359375000000e+01 9.993206445054435560e-01
1.259033203125000000e+01 9.994013065977518373e-01
1.260498046875000000e+01 9.994814174941014651e-01
1.261962890625000000e+01 9.995609112313744715e-01
1.263427734375000000e+01 9.996397235211162968e-01
1.264892578125000000e+01 9.997177917661417279e-01
1.266357421875000000e+01 9.997950551224257243e-01
1.267822265625000000e+01 9.998714545114725238e-01
1.269287109375000000e+01 9.999469326796331936e-01
1.270751953125000000e+01 1.000021434205822901e+00
1.272216796875000178e+01 1.000094905558119196e+00
1.273681640625000000e+01 1.000167295096388020e+00
1.275146484374999822e+01 1.000238553125795349e+00
1.276611328125000000e+01 1.000308631894064604e+00
1.278076171875000000e+01 1.000377485641702480e+00
1.279541015625000000e+01 1.000445070593477759e+00
1.281005859375000000e+01 1.000511345005353991e+00
1.282470703125000000e+01 1.000576269149801911e+00
1.283935546875000000e+01 1.000639805359339940e+00
1.285400390625000000e+01 1.000701918005505675e+00
1.286865234375000000e+01 1.000762573538962918e+00
1.288330078125000000e+01 1.000821740461950382e+00
1.289794921875000000e+01 1.000879389365037841e+00
1.291259765625000000e+01 1.000935492892883083e+00
1.292724609375000000e+01 1.000990025777738213e+00
1.294189453125000178e+01 1.001042964798527057e+00
1.295654296875000000e+01 1.001094288811284594e+00
1.297119140624999822e+01 1.001143978701459103e+00
1.298583984375000000e+01 1.001192017411467905e+00
1.300048828125000000e+01 1.001238389886392133e+00
1.301513671875000000e+01 1.001283083098962967e+00
1.302978515625000000e+01 1.001326085988469616e+00
1.304443359375000000e+01 1.001367389483803993e+00
1.305908203125000000e+01 1.001406986435559698e+00
1.307373046875000000e+01 1.001444871637328315e+00
1.308837890625000000e+01 1.001481041751463463e+00
1.310302734375000000e+01 1.001515495328682892e+00
1.311767578125000000e+01 1.001548232728021626e+00
1.313232421875000000e+01 1.001579256134696339e+00
1.314697265625000000e+01 1.001608569474918387e+00
1.316162109375000178e+01 1.001636178431930979e+00
1.317626953125000000e+01 1.001662090356622237e+00
1.319091796875000178e+01 1.001686314280898715e+00
1.320556640625000000e+01 1.001708860826344027e+00
1.322021484374999822e+01 1.001729742212372987e+00
1.323486328125000000e+01 1.001748972167371798e+00
1.324951171875000000e+01 1.001766565926100805e+00
1.326416015625000000e+01 1.001782540152226231e+00
1.327880859375000000e+01 1.001796912912465531e+00
1.329345703125000000e+01 1.001809703630296644e+00
1.330810546875000000e+01 1.001820933006860592e+00
1.332275390625000000e+01 1.001830623055196101e+00
1.333740234375000000e+01 1.001838796885704985e+00
1.335205078125000000e+01 1.001845478966747693e+00
1.336669921875000000e+01 1.001850694500943328e+00
1.338134765625000000e+01 1.001854470479143666e+00
1.339599609375000000e+01 1.001856833298218730e+00
1.341064453125000178e+01 1.001857814736455632e+00
1.342529296875000000e+01 1.001857419759565992e+00
1.343994140624999822e+01 1.001855507736434170e+00
1.345458984375000000e+01 1.001852122053411565e+00
1.346923828125000000e+01 1.001847484204943406e+00
1.348388671875000000e+01 1.001841655332478265e+00
1.349853515625000000e+01 1.001834663960614380e+00
1.351318359375000000e+01 1.001826544747728809e+00
1.352783203125000000e+01 1.001817330749451784e+00
1.354248046875000000e+01 1.001807056576174970e+00
1.355712890625000000e+01 1.001795756683924177e+00
1.357177734375000000e+01 1.001783466284710045e+00
1.358642578125000000e+01 1.001770220702911773e+00
1.360107421875000000e+01 1.001756055710937954e+00
1.361572265625000000e+01 1.001741007226143898e+00
1.363037109375000178e+01 1.001725111434603743e+00
1.364501953125000000e+01 1.001708404629261473e+00
1.365966796874999822e+01 1.001690923239617392e+00
1.367431640625000000e+01 1.001672703738117898e+00
1.368896484375000000e+01 1.001653782623429523e+00
1.370361328125000000e+01 1.001634196363330176e+00
1.371826171875000000e+01 1.001613981353498550e+00
1.373291015625000000e+01 1.001593173881814902e+00
1.374755859375000000e+01 1.001571810073902613e+00
1.376220703125000000e+01 1.001549925870628632e+00
1.377685546875000000e+01 1.001527556966724353e+00
1.379150390625000000e+01 1.001504738796934912e+00
1.380615234375000000e+01 1.001481506471398664e+00
1.382080078125000000e+01 1.001457894767746826e+00
1.383544921875000000e+01 1.001433938065513729e+00
1.385009765625000178e+01 1.001409670342572777e+00
1.386474609375000000e+01 1.001385125109981677e+00
1.387939453125000178e+01 1.001360335411801028e+00
1.389404296875000000e+01 1.001335333761209645e+00
1.390869140624999822e+01 1.001310152143072063e+00
1.392333984375000000e+01 1.001284821952107551e+00
1.393798828125000000e+01 1.001259373997731572e+00
1.395263671875000000e+01 1.001233838444344659e+00
1.396728515625000000e+01 1.001208244818676318e+00
1.398193359375000000e+01 1.001182621952408036e+00
1.399658203125000000e+01 1.001156997991492936e+00
1.401123046875000000e+01 1.001131400341522149e+00
1.402587890625000000e+01 1.001105855679003787e+00
1.404052734375000000e+01 1.001080389899479117e+00
1.405517578125000000e+01 1.001055028130598767e+00
1.406982421875000000e+01 1.001029794683221397e+00
1.408447265625000000e+01 1.001004713066251828e+00
1.409912109375000178e+01 1.000979805940511502e+00
1.411376953125000000e+01 1.000955095135543482e+00
1.412841796874999822e+01 1.000930601606252912e+00
1.414306640625000000e+01 1.000906345451459289e+00
1.415771484375000000e+01 1.000882345873534751e+00
1.417236328125000000e+01 1.000858621198541965e+00
1.418701171875000000e+01 1.000835188838744338e+00
1.420166015625000000e+01 1.000812065314624855e+00
1.421630859375000000e+01 1.000789266219988871e+00
1.423095703125000000e+01 1.000766806245781071e+00
1.424560546875000000e+01 1.000744699147936956e+00
1.426025390625000000e+01 1.000722957772888888e+00
1.427490234375000000e+01 1.000701594028036157e+00
1.428955078125000000e+01 1.000680618908988295e+00
1.430419921875000000e+01 1.000660042472697686e+00
1.431884765625000178e+01 1.000639873866165930e+00
1.433349609375000000e+01 1.000620121302262522e+00
1.434814453124999822e+01 1.000600792090121871e+00
1.436279296875000000e+01 1.000581892613135349e+00
1.437744140625000000e+01 1.000563428361273210e+00
1.439208984375000000e+01 1.000545403911275111e+00
1.440673828125000000e+01 1.000527822960498581e+00
1.442138671875000000e+01 1.000510688309588669e+00
1.443603515625000000e+01 1.000494001897653140e+00
1.445068359375000000e+01 1.000477764787286672e+00
1.446533203125000000e+01 1.000461977201130948e+00
1.447998046875000000e+01 1.000446638509141728e+00
1.449462890625000000e+01 1.000431747266490756e+00
1.450927734375000000e+01 1.000417301202902731e+00
1.452392578125000000e+01 1.000403297262024260e+00
1.453857421875000178e+01 1.000389731592592035e+00
1.455322265625000000e+01 1.000376599589282378e+00
1.456787109375000178e+01 1.000363895885594268e+00
1.458251953125000000e+01 1.000351614396116418e+00
1.459716796874999822e+01 1.000339748311183330e+00
1.461181640625000000e+01 1.000328290140316989e+00
1.462646484375000000e+01 1.000317231708521826e+00
1.464111328125000000e+01 1.000306564201007831e+00
1.465576171875000000e+01 1.000296278161024288e+00
1.467041015625000000e+01 1.000286363535631606e+00
1.468505859375000000e+01 1.000276809675183953e+00
1.469970703125000000e+01 1.000267605379871583e+00
1.471435546875000000e+01 1.000258738900784872e+00
1.472900390625000000e+01 1.000250197987408773e+00
1.474365234375000000e+01 1.000241969889863247e+00
1.475830078125000000e+01 1.000234041407294994e+00
1.477294921875000000e+01 1.000226398891260082e+00
1.478759765625000178e+01 1.000219028295043389e+00
1.480224609375000000e+01 1.000211915177892763e+00
1.481689453124999822e+01 1.000205044755058337e+00
1.483154296875000000e+01 1.000198401903030776e+00
1.484619140625000000e+01 1.000191971210071973e+00
1.486083984375000000e+01 1.000185736982298623e+00
1.487548828125000000e+01 1.000179683294615929e+00
1.489013671875000000e+01 1.000173793997449545e+00
1.490478515625000000e+01 1.000168052768040106e+00
1.491943359375000000e+01 1.000162443117658340e+00
1.493408203125000000e+01 1.000156948443077232e+00
1.494873046875000000e+01 1.000151552034078239e+00
1.496337890625000000e+01 1.000146237125093096e+00
1.497802734375000000e+01 1.000140986902782192e+00
1.499267578125000000e+01 1.000135784557583118e+00
